0,265882842270315 -0,0968674901890101 0,692321821964495 -0,359226363494051 1,22083508473737 -0,011422859035638 1,00203038932069 -0,311555433145323 -0,0405208078649277 -0,365932018157756 0,541662173802211 0,519706343144234 -0,817538772357371 -0,0413718809115695 0,572944415702104 -1,06900829334045 -0,513482724030519 -1,06335947394144 -0,0985525341078582 0,0495248387339376 
0,510386357604242 -0,229752547031385 0,219844068256089 0,0834301555667945 0,479420905379956 -0,430934481841874 0,865798203314432 0,296340714577204 0,0864225558039544 0,100661370080682 0,038989708547901 -0,0257102710984447 -0,00549932491493734 -0,851598841892658 0,958133898953478 -0,234407870098533 0,615802278449363 -0,682982840994417 -0,293647981038731 -0,121198235861158 
-0,0763807389647808 0,055181404834249 -0,596671719883355 0,52317508447485 -0,84319893247782 -0,166945482388126 -0,0353961985173876 0,204411213623014 0,28798517530105 -0,234300060750886 -0,368394962885395 -0,102751166303422 0,637359555527162 0,151460470338826 -0,20882374475659 0,71187140199238 -0,0412335115007079 0,446310764064426 -0,105027795457691 -0,0883878607885876 
-0,511220619853275 -0,617858965182679 -0,187903083306345 -0,241275357296703 0,549929733895587 -0,192005742259737 0,51977659615353 1,43649510604862 0,178695967347432 -0,994503339896809 0,0735730840826168 -0,573775679334807 0,0905600081522824 -0,903340296577253 -0,458718728883492 0,507173522956563 0,471181565749763 -0,0626689776086942 1,15059872086065 -0,905187609835378 
-1,0050932409211 -0,573031715683958 -0,151413521401208 0,833676862434756 -0,232804433277769 0,718567056599587 -0,0967486514668732 0,71497670909146 0,485491452912664 -1,04465703648903 -0,790984991264653 -0,718575366158012 -0,152006721495724 0,353415071290357 0,3787178215677 0,021873956426552 0,491193224220359 0,862411514308202 0,73775375572715 0,477145295092298 
0,370189879544625 0,0398891928761206 0,876652239051935 -0,143727730679029 0,421162567452785 -0,540030007354835 0,0666159183188906 0,407668058249403 0,19420692348626 0,00349063944834049 0,214964398985205 -0,18809225174223 -0,306851829230435 -0,699686257386727 0,902506842530078 -0,616264274986898 0,154719979926095 -0,545300092437498 0,267592979600823 -0,274419016591978 
-0,122027312452734 0,977726005755486 -1,05909492220073 0,707644711196822 -1,17949421269674 0,176925678267964 -0,868645532555122 0,0398384000006416 -0,999859504999252 0,381065689862964 -0,36385315461332 -0,135258407442916 0,774936034508528 1,13716522447086 -0,541129270405571 0,863418243207825 -0,459459728268483 0,256677145269808 -0,126706912460425 0,0276487853601266 
0,278969770660144 0,186339804290952 -0,15593090823662 -0,395612516857503 0,110176687878639 0,478177992151202 0,192881199388244 -0,150999810849782 0,490358034609984 0,112209777632826 -0,367854707812823 0,426586001611588 -0,418478491678125 0,165134849336527 -0,214590318833753 0,291805144768117 0,0929937048782565 -0,378494340869828 -0,0549864198802907 0,484777402591322 
0,483438230238374 0,428050654153417 -0,264269809806684 0,354438117007145 -0,722000470117578 0,262835346640405 -0,680612800640842 -0,611794855365426 0,147192307990597 0,620399568454354 0,513938130183921 -0,082067251909069 0,359700082351549 0,469969961217311 -0,0229060056820053 0,402536401854645 -0,518903209776866 -0,0268666919458543 -1,29448087156178 0,47363171816122 
0,711974988997041 -0,245193255126323 0,596980251660348 -0,416366457983865 0,381717085295675 -0,182684019038492 0,589501002485371 0,64987667679086 -0,172154958777553 -0,0185949626612175 -0,239508289866822 0,15782398739895 0,50296711280399 -0,413025289163123 0,238375510668551 0,184593536287508 -0,730883982752377 -0,228426372296492 0,794957038790625 -0,441885215688559 
-0,288888536003185 0,733353825860356 -0,12274829912915 0,453340148963441 -0,157824742990444 0,382237216929552 -0,616150845353569 0,408003840561421 -0,440835376225133 -0,112341737871056 -0,374977864235889 -0,069996443771184 -0,175931165191433 -0,00390290877984135 -0,268857863377309 0,347083452573381 0,353916136407189 0,0483742064595163 -0,476886071591984 0,30069148897374 
-0,143391038590759 0,299110236018482 -0,376086830569472 -0,453915516358761 -0,320927311582923 0,119895859910127 0,237620612018565 -0,29635727675462 -0,0860070272283661 -0,410587778273312 0,402868872928838 0,35795729507597 -0,277604447574171 -0,137046425434317 0,398086660028476 0,299518491979464 0,0403848213797364 0,313196820585614 0,315043798561694 0,196623541273467 
-0,174376630538319 0,183143998348687 0,0748797722975164 -0,211511841375153 0,00917403982448117 0,051536696288519 -0,260276222955564 -0,122259397349441 -0,22516489155831 -0,151829019492412 -0,0905285093889239 0,468095537260219 0,133423398543812 -0,320689134216257 -0,112986654794303 0,0357968250921913 0,324891483795313 0,0518616975992274 0,0832883424979115 -0,382235497181413 
-0,432856393481072 -0,491988810706878 -0,0871915512658616 -0,320131299002157 -0,0711936548218102 -0,162161810631939 -0,225007933436431 0,151976203383867 -0,186066801047915 -0,0630642345934474 0,452171312157144 -0,416226606311382 -0,232273745691531 -0,0919945745691632 -0,131723701782396 0,173464963060555 -0,275769536279035 0,335425010805682 0,036910443816758 0,127535992128558 
0,696375020738711 0,431878340000063 0,550485990996181 -0,65482723651834 0,107092636803278 0,111093000006649 -0,51979425251832 -1,00707073311693 0,0797601939313998 0,531127912765932 0,825583118319202 0,982245230626709 0,287883122539043 0,488214515153486 0,108368399084614 0,144565950366174 -1,12632689336914 -0,193940444079648 -0,119628433968116 -0,273533674825008 
-0,347250967388907 0,37229674629509 -0,65688707667112 0,528878461083614 -0,499485437368743 -0,0968289046854884 -0,127435474940336 -0,193379607831376 0,100918268616487 0,269531426167064 -0,259206987308696 0,422082410229051 -0,175909689358513 0,739829582608935 0,232280299189591 0,561790916187402 -0,463850503377613 0,31259061005945 -0,0815870684140548 0,100824830804029 
-0,348604160586192 -0,400054202338744 0,324231309318302 0,262032602793572 0,468213433682018 0,677892308525686 0,451538719041058 0,0586227209990698 0,360955328681577 -0,51267057492075 0,154979147799808 0,395665029855095 0,252477893413623 -0,0390017006499767 -0,123949940835333 -0,127174430476556 -0,276511687802407 -0,68441131436654 0,118678162510452 -0,0940517510723956 
-0,227504400705249 0,367154341158957 -0,119754545629646 -0,427218914007385 0,0566281500246682 0,699404655343572 0,571245673438198 -0,237668109847943 0,542116713795484 0,358881644633847 -0,00974165996707219 0,48979473057826 0,171817797472053 -0,0389274900732291 -0,416909745618427 -0,874961689878217 0,339127306164749 -0,663155546452419 -0,175553575590414 -0,0159429052917392 
0,0099247278994363 -0,50203925787384 0,0950878177310873 0,0707596882948768 0,31632364515875 0,196591089098974 -0,38860292092925 0,137552422855839 0,187190825971021 0,381833217778004 0,163040725835191 0,554740940154688 -0,0461011713889 -0,258890958321249 -0,215312346446226 -0,805410570264965 0,427272967373595 -0,361675459326072 0,349775729047582 0,0288538367623343 
0,309331204716932 -0,152734014877258 0,198797079170275 0,183157687289222 0,743697123000597 0,310003963110954 0,630884070359922 -0,0744102901439099 -0,00543335990428529 -0,219176225658319 0,559883980823424 -0,0118474101121438 -0,0489947211647767 -0,161021222888273 0,337213745555522 -1,07573533245455 -0,0183686468445471 -0,484932304089559 0,286918327135513 0,0856429656243403 
0,347641662450057 0,108744382210437 -0,0512993406170125 -0,29450191690911 -0,384459759596955 -0,172413698649705 -0,581619797304103 0,330600184784013 -0,604096451805243 0,49982623222572 -0,525993359721973 -0,0693165899329308 0,0203832060909463 0,682519596024436 -0,0630369591680986 0,746651712475461 -0,0238918362558125 0,556187482953368 0,366599898850891 0,437430469692037 
0,102215050340971 -0,00705134117829382 -0,258756687750044 -0,11748774402205 -0,549263967226761 -0,29053143934622 -0,367761245537662 -0,216837611234517 -0,310545302148536 -0,221258473379178 0,0470005426027395 0,0455478199771898 0,107346639310637 -0,0367057235061441 -0,0139626584978536 0,243163451486038 0,255163070435674 0,191711720273267 -0,273049313558058 0,0901907080857322 
-0,212400267891529 -0,225941698111476 -0,0965157661547989 -0,0521947718516293 -0,352144844763906 -0,135168428099968 0,331925554452206 0,160344422319753 0,221374497378589 0,61387935759123 0,0703551008877646 0,479010340309011 0,169240123428984 -0,247914879223645 -0,499507794292778 0,145090720038598 0,327211007199311 -0,0335411330724428 0,331730843354587 -0,188208580698236 
0,531140058588079 0,395811448584316 -0,11446842952146 0,534977999294507 -0,231840708636521 -0,00121146716949997 -0,604342637768399 0,222169863545104 -0,181089783645108 0,39998835095112 0,466846359477541 0,440291352569032 -0,109025086569146 0,0167236183937526 0,0773696677221834 -0,0592455046460485 0,244403758236831 0,573604379686852 -0,581500368785114 0,209858063112626 
0,570820946612618 0,528100625226169 0,266175982464596 -0,447658405397556 -0,00302035256934882 -0,223355518846258 -0,739715290175445 -0,709818401583803 -0,583802476261988 1,10674066293837 0,534475634044159 0,533047490589179 0,70415179832098 -0,147523894266863 0,0638949875485486 0,254057457939931 -0,698045800619126 -0,0357495877839174 0,00251134035166713 0,300102200689531 
-0,0297223742513395 -0,373404444300559 -0,00386995769323774 -0,4009109586325 -0,538552399737833 -0,0520753401174421 0,207727326554317 -0,505221025690748 0,178031285019325 0,293143899727669 0,280926978917153 -0,405841328706165 -0,275071045651173 -0,3051449334558 -0,0242327924584554 0,206187761926393 -0,329798276545759 -0,0152108513501332 -0,379357602249779 0,466843398135842 
-0,235834471859828 0,447976476652807 -0,226357397596569 0,0655205224451807 -0,755583862974295 0,234432062916263 -0,542447525232529 -0,0922259144866465 -0,0628904380178202 -0,41052758076561 -0,0185907758669207 -0,3109625179714 0,914677804553627 0,149337590872355 -0,616394064184653 -0,169972695909839 -0,519303361878089 0,3196420411856 -0,0565960498461167 0,328931245014761 
0,383984227610745 0,367020854198849 0,316046076741091 0,155683885168137 -0,23035145631542 0,179291716161786 -0,294830128920651 -0,122077245554923 -0,467584025565341 -0,436026868380619 -0,234890377956857 -0,0145144171614733 -0,327842949343772 -0,29973185518744 -0,267017812825282 0,150190005847341 0,0276404491288775 0,469315104637907 0,425927100668627 0,0659889525575512 
0,252483056059912 0,202374558118425 -0,09671033440235 -0,277427704920245 0,580868278024766 -0,225592033859075 -0,77918288422981 -1,06348397908418 0,629749148660932 0,932873301694339 0,272733885187013 0,196260172732499 0,24610766856713 0,314749770985319 0,564758806074596 -0,458356650949667 0,0494574662875973 0,260209502173456 -0,914215358442666 0,519688140697634 
0,186689765131605 0,801026941191639 -0,293642827589916 0,148122889527934 0,242951770253896 -0,596816741246964 -0,283034288773714 0,351667090803593 -1,03435629831934 0,289805679027166 0,200311149055219 -0,103596707801061 0,960250402200487 0,148328503165636 -0,166526140330883 0,781681380241251 -0,535711725613549 0,0231730377575012 0,283931105031189 -0,103227942661267 
0,542291753959812 -0,331532746406469 0,307092849680385 -0,775807837612576 0,721391493014924 0,358410998129788 0,25994093283725 -0,127919599985597 -0,14711655885345 0,275797265171268 0,725818217211575 0,592597333159123 0,218533556823564 0,134595361835704 -0,158812860009811 -0,637020403696154 -0,57407680614523 -0,527052028576364 -0,306569117873394 0,321277426270044 
-0,213987741902011 -0,541226507233338 1,02180965919593 -0,552589323281419 0,230637470522944 -0,231816586533411 0,864701179361169 -0,142633101273233 0,90649765693928 -0,145382652996333 -0,128483279897166 0,0776596662280209 -0,709707835705031 -0,710081572401668 0,774798533606222 -0,792532797696631 0,246157372836777 0,231098293798948 -0,296646398283489 -0,273224268029592 
0,0329808669267628 -0,0255270056796487 0,239058524134034 -0,218355981855688 0,561915898565662 -0,350288857747319 -0,0125110918121793 0,018719942692605 -0,0393454029291644 -0,737074966747715 0,543659786410776 0,432788673329828 -0,525962443462341 0,261339116037558 0,380678037449306 -0,238095431311837 -0,0792371352618175 -0,3644478790191 0,648634851148384 -0,37927448273628 
-0,0840643710588188 -0,384189376731541 0,425750584250556 0,199089716179453 0,031132186097549 0,0330505158753091 0,36628650627067 0,983775290762376 0,163882973989167 -1,08218616498512 -0,676921395002942 -0,264093689472375 0,101908831708656 -0,657669726402244 -0,416582847138172 0,57777785058986 0,790385250936163 0,100627243757132 0,651671945098304 -0,914402301657429 
-1,30635279238053 0,147385450200057 -0,42854784703954 1,20872748589931 -0,788840587728207 0,0287392701576241 -0,71411681921117 0,276681015617293 -0,177460338164484 -0,502153023302451 -0,1710192403833 -0,874829077052693 -0,342652236560136 -0,119113791599995 -0,286413982420642 0,435415679062633 0,798203922753358 1,31932583449713 0,593559551327099 0,249529002917466 
0,861510588677363 0,667388185676131 0,386101161282179 -0,684536359351167 -2,5447278800343 
-1,08193847231254 -1,40988167497504 0,688904631476556 -0,89318462949887 -1,28202793547379 
1,68183262231315 2,1340328683467 0,908004146086267 0,635439187031886 -0,966432495782935 
-1,69579563232101 -0,705551267542272 0,973462998855245 0,0428560671151884 1,78741792747956 
2,97726220751861 2,28861658298958 0,110968588547992 1,01104397933719 -0,435208839359185 
0,509447632399307 -0,805682326785237 0,301062605556637 -0,269557768681623 0,848076632134827 
2,2281732185227 2,76934490184639 0,515086742561585 1,83253718422306 0,586523210718432 
-0,752634184664934 -0,0472916605065119 0,90489032241442 3,54465352069661 1,81037760598367 
0,645542153008798 1,6157371019123 0,801847466196062 -0,0799155397605655 1,15779489507346 
-0,579552222622117 -0,372982191711907 0,270503135335401 -2,86031514498587 -2,75537012042169 
1,28638112751873 0,405514597168337 0,549327961296593 -0,989821237320151 -1,34739709608616 
1,48224813594047 0,137223228899895 0,975430230467261 -0,543451510119216 -1,56071472776407 
-0,841848873075737 -1,60321508574984 0,640847226823575 -0,0478546103702373 -1,43185482538362 
-0,818704654662636 -2,01741892651797 -0,0249929409581641 -1,30454571860802 0,0174620255135559 
0,379187154080946 2,21228485352816 0,942920201765257 -0,399313029431967 -0,187601908950525 
-3,45996013598948 -1,08552420422531 0,846934029205157 0,945850353848533 -0,64154607514568 
-0,703425681345751 1,18045133569952 0,387228962855185 1,05889552229984 2,58472873605442 
-2,94608099656666 -0,443759992642722 0,688242349196377 0,0869414981973632 1,33314623002171 
-0,151022250195465 -0,154712360955775 0,20208533643597 3,04932920231182 0,937742092335539 
-0,393061934742138 -0,236807991648232 0,849979182897463 -1,63390674563337 0,388884403927306 
